Hierholzer's algorithm for Hamiltonian

0.7
0.0 0.0 0.0 0.008008241653442383 0.008004188537597656 0.0 0.011933565139770508 0.008210420608520508 0.00843191146850586 0.016147613525390625
0.3
0.0 0.0 0.0 0.0 0.0 0.0 0.0035486221313476562 0.014250040054321289 0.009922504425048828 0.007626533508300781
[20, 40, 60, 80, 100, 120, 140, 160, 180, 200]

0.7
0.0 0.0 0.008015155792236328 0.01912975311279297 0.024001121520996094 0.04004096984863281 0.061203718185424805 0.09334826469421387 0.10964465141296387 0.16779780387878418       
0.3
0.0 0.0 0.0 0.008549213409423828 0.008720159530639648 0.015630006790161133 0.023993253707885742 0.02713918685913086 0.03435254096984863 0.044782400131225586
[50, 100, 150, 200, 250, 300, 350, 400, 450, 500]

Backtrack for Hamiltonian
0.7
0.0 0.0 0.008023262023925781 0.0 0.0 0.0 0.001804351806640625 0.008411645889282227 0.00799250602722168 0.01563286781311035
0.3
0.0 0.05596470832824707 0.5657451152801514 0.028232097625732422 0.0560457706451416 0.4301133155822754 0.1355135440826416 5.933223247528076 0.15402650833129883 0.008169174194335938
[20, 40, 60, 80, 100, 120, 140, 160, 180, 200]

nonHamiltonian 
9 - 0.305635929107666
10 - 0.72919249128012
11 - 7.008262634277344
12 - 19.507078409194946
13 - 162.9426076412201
0.305635929107666 0.72919249128012 7.008262634277344 19.507078409194946 162.9426076412201
9 10 11 12 13